0 9.469146708375774
1 9.509146710275672
2 9.54914671217557
3 9.589146714075468
4 9.629146715975367
5 9.669146717875265
6 9.709146719775163
7 9.74914672167506
8 9.789146723574959
9 9.829146725474857
10 9.869146727374755
11 9.909146729274653
12 9.949146731174551
13 9.989146733074449
14 10.029146734974347
15 10.069146736874245
16 10.109146738774143
17 10.149146740674041
18 10.18914674257394
19 10.229146744473837
20 10.269146746373735
21 10.309146748273633
22 10.349146750173531
23 10.38914675207343
24 10.429146753973328
25 10.469146755873226
26 10.509146757773124
27 10.549146759673022
28 10.58914676157292
29 10.629146763472818
30 10.669146765372716
31 10.709146767272614
32 10.749146769172512
33 10.78914677107241
34 10.829146772972308
35 10.869146774872206
36 10.909146776772104
37 10.949146778672002
38 10.9891467805719
39 11.029146782471798
40 11.069146784371696
41 11.109146786271594
42 11.149146788171493
43 11.18914679007139
44 11.229146791971289
45 11.269146793871187
46 11.309146795771085
47 11.349146797670983
48 11.38914679957088
49 11.429146801470779
50 11.469146803370677
51 11.509146805270575
52 11.549146807170473
53 11.589146809070371
54 11.62914681097027
55 11.669146812870167
56 11.709146814770065
57 11.749146816669963
58 11.789146818569861
59 11.82914682046976
60 11.869146822369657
61 11.909146824269556
62 11.949146826169454
63 11.989146828069352
64 12.02914682996925
65 12.069146831869148
66 12.109146833769046
67 12.149146835668944
68 12.189146837568842
69 12.22914683946874
70 12.269146841368638
71 12.309146843268536
72 12.349146845168434
73 12.389146847068332
74 12.42914684896823
75 12.469146850868128
76 12.509146852768026
77 12.549146854667924
78 12.589146856567822
79 12.62914685846772
80 12.669146860367619
81 12.709146862267517
82 12.749146864167415
83 12.789146866067313
84 12.82914686796721
85 12.869146869867109
86 12.909146871767007
87 12.949146873666905
88 12.989146875566803
89 13.029146877466701
90 13.069146879366599
91 13.109146881266497
92 13.149146883166395
93 13.189146885066293
94 13.229146886966191
95 13.26914688886609
96 13.309146890765987
97 13.349146892665885
98 13.389146894565783
99 13.429146896465681
100 13.46914689836558
101 13.509146900265478
102 13.549146902165376
103 13.589146904065274
104 13.629146905965172
105 13.66914690786507
106 13.709146909764968
107 13.749146911664866
108 13.789146913564764
109 13.829146915464662
110 13.86914691736456
111 13.909146919264458
112 13.949146921164356
113 13.989146923064254
114 14.029146924964152
115 14.06914692686405
116 14.109146928763948
117 14.149146930663846
118 14.189146932563744
119 14.229146934463643
120 14.26914693636354
121 14.309146938263439
122 14.349146940163337
123 14.389146942063235
124 14.429146943963133
125 14.46914694586303
126 14.509146947762929
127 14.549146949662827
128 14.589146951562725
129 14.629146953462623
130 14.669146955362521
131 14.70914695726242
132 14.749146959162317
133 14.789146961062215
134 14.829146962962113
135 14.869146964862011
136 14.90914696676191
137 14.949146968661807
138 14.989146970561706
139 15.029146972461604
140 15.069146974361502
141 15.1091469762614
142 15.149146978161298
143 15.189146980061196
144 15.229146981961094
145 15.269146983860992
146 15.30914698576089
147 15.349146987660788
148 15.389146989560686
149 15.429146991460584
150 15.469146993360482
151 15.50914699526038
152 15.549146997160278
153 15.589146999060176
154 15.629147000960074
155 15.669147002859972
156 15.70914700475987
157 15.749147006659769
158 15.789147008559667
159 15.829147010459565
160 15.869147012359463
161 15.90914701425936
162 15.949147016159259
163 15.989147018059157
164 16.029147019959055
165 16.069147021858953
166 16.10914702375885
167 16.14914702565875
168 16.189147027558647
169 16.229147029458545
170 16.269147031358443
171 16.30914703325834
172 16.34914703515824
173 16.389147037058137
174 16.429147038958035
175 16.469147040857933
176 16.50914704275783
177 16.54914704465773
178 16.589147046557628
179 16.629147048457526
180 16.669147050357424
181 16.70914705225732
182 16.74914705415722
183 16.789147056057118
184 16.829147057957016
185 16.869147059856914
186 16.909147061756812
187 16.94914706365671
188 16.989147065556608
189 17.029147067456506
190 17.069147069356404
191 17.109147071256302
192 17.1491470731562
193 17.1891470750561
194 17.229147076955996
195 17.269147078855895
196 17.309147080755793
197 17.34914708265569
198 17.38914708455559
199 17.429147086455487
200 17.469147088355385
201 17.509147090255283
202 17.54914709215518
203 17.58914709405508
204 17.629147095954977
205 17.669147097854875
206 17.709147099754773
207 17.74914710165467
208 17.78914710355457
209 17.829147105454467
210 17.869147107354365
211 17.909147109254263
212 17.94914711115416
213 17.98914711305406
214 18.029147114953957
215 18.069147116853856
216 18.109147118753754
217 18.14914712065365
218 18.18914712255355
219 18.229147124453448
220 18.269147126353346
221 18.309147128253244
222 18.349147130153142
223 18.38914713205304
224 18.429147133952938
225 18.469147135852836
226 18.509147137752734
227 18.549147139652632
228 18.58914714155253
229 18.62914714345243
230 18.669147145352326
231 18.709147147252224
232 18.749147149152122
233 18.78914715105202
234 18.82914715295192
235 18.869147154851817
236 18.909147156751715
237 18.949147158651613
238 18.98914716055151
239 19.02914716245141
240 19.069147164351307
241 19.109147166251205
242 19.149147168151103
243 19.189147170051
244 19.2291471719509
245 19.269147173850797
246 19.309147175750695
247 19.349147177650593
248 19.38914717955049
249 19.42914718145039
